Quantity_name: User_input
DirX: anticlock

DirY: clockwise

RPMX: 300

RPMY: 0

Run Time (s): 10

Voltage Sampling Delay (ms): 500

File Name: ForAaron

Comments: What_if I do_this?



Time Volt_Reading

500 328

1000 330

1500 331

2000 328

2500 330

3000 332

3501 331

4000 333

4500 327

5000 328

5500 327

6000 323

6500 324

7000 326

7500 319

8000 321

8500 319

9000 322

9500 319

10000 322

10500 322

11000 317

11500 350

12000 498

12500 500

13000 495

13500 497

14000 499

14500 502

15000 504

15500 503

16000 508

16500 501

17000 510

17500 503

18000 506

18500 509

19000 507

19501 500
